0 1 1.100000
0 2 13.140000
1 3 5.555500
1 4 0.500000
2 5 1.100000
2 6 13.140000
3 7 5.555500
3 8 0.500000
4 9 1.100000
4 10 13.140000
5 11 5.555500
5 12 0.500000
6 13 1.100000
6 14 13.140000
7 15 5.555500
7 15 4.555500
7 16 0.500000
8 17 1.100000
8 18 13.140000
9 19 5.555500
9 20 0.500000
10 21 1.100000
10 22 13.140000
11 23 5.555500
11 24 0.500000
12 25 1.100000
12 26 13.140000
13 27 5.555500
13 28 0.500000
14 29 1.100000
14 30 13.140000
15 31 5.555500
15 32 0.500000
16 33 1.100000
16 34 13.140000
17 35 5.555500
17 36 0.500000
18 37 1.100000
18 38 13.140000
19 39 5.555500
19 40 0.500000
20 41 1.100000
20 42 13.140000
21 43 5.555500
21 44 0.500000
22 45 1.100000
22 46 13.140000
23 47 5.555500
23 48 0.500000
24 49 1.100000
24 50 13.140000
25 51 5.555500
25 52 0.500000
26 53 1.100000
26 54 13.140000
27 55 5.555500
27 56 0.500000
28 57 1.100000
28 58 13.140000
29 59 5.555500
29 60 0.500000
30 61 1.100000
30 62 13.140000
31 63 5.555500
31 64 0.500000
32 65 1.100000
32 66 13.140000
33 67 5.555500
33 68 0.500000
34 69 1.100000
34 70 13.140000
35 71 5.555500
35 72 0.500000
36 73 1.100000
36 74 13.140000
37 75 5.555500
37 76 0.500000
38 77 1.100000
38 78 13.140000
39 79 5.555500
39 80 0.500000
40 81 1.100000
40 82 13.140000
41 83 5.555500
41 84 0.500000
42 85 1.100000
42 86 13.140000
43 87 5.555500
43 88 0.500000
44 89 1.100000
44 90 13.140000
45 91 5.555500
45 92 0.500000
46 93 1.100000
46 94 13.140000
47 95 5.555500
47 96 0.500000
48 97 1.100000
48 98 13.140000
49 99 5.555500
49 100 0.500000
50 101 1.100000
50 102 13.140000
51 103 5.555500
51 104 0.500000
52 105 1.100000
52 106 13.140000
53 107 5.555500
53 108 0.500000
54 109 1.100000
54 110 13.140000
55 111 5.555500
55 112 0.500000
56 113 1.100000
56 114 13.140000
57 115 5.555500
57 116 0.500000
58 117 1.100000
58 118 13.140000
59 119 5.555500
59 120 0.500000
60 121 1.100000
60 122 13.140000
61 123 5.555500
61 124 0.500000
62 125 1.100000
62 126 13.140000
63 127 5.555500
63 128 0.500000
64 129 1.100000
64 130 13.140000
65 131 5.555500
65 132 0.500000
66 133 1.100000
66 134 13.140000
67 135 5.555500
67 136 0.500000
68 137 1.100000
68 138 13.140000
69 139 5.555500
69 140 0.500000
70 141 1.100000
70 142 13.140000
71 143 5.555500
71 144 0.500000
72 145 1.100000
72 146 13.140000
73 147 5.555500
73 148 0.500000
74 149 1.100000
74 150 13.140000
75 151 5.555500
75 152 0.500000
76 153 1.100000
76 154 13.140000
77 155 5.555500
77 156 0.500000
78 157 1.100000
78 158 13.140000
79 159 5.555500
79 160 0.500000
80 161 1.100000
80 162 13.140000
81 163 5.555500
81 164 0.500000
82 165 1.100000
82 166 13.140000
83 167 5.555500
83 168 0.500000
84 169 1.100000
84 170 13.140000
85 171 5.555500
85 172 0.500000
86 173 1.100000
86 174 13.140000
87 175 5.555500
87 176 0.500000
88 177 1.100000
88 178 13.140000
89 179 5.555500
89 180 0.500000
90 181 1.100000
90 182 13.140000
91 183 5.555500
91 184 0.500000
92 185 1.100000
92 186 13.140000
93 187 5.555500
93 188 0.500000
94 189 1.100000
94 190 13.140000
95 191 5.555500
95 192 0.500000
96 193 1.100000
96 194 13.140000
97 195 5.555500
97 196 0.500000
98 197 1.100000
98 198 13.140000
99 199 5.555500
99 200 0.500000
100 201 1.100000
100 202 13.140000
101 203 5.555500
101 204 0.500000
102 205 1.100000
102 206 13.140000
103 207 5.555500
103 208 0.500000
104 209 1.100000
104 210 13.140000
105 211 5.555500
105 212 0.500000
106 213 1.100000
106 214 13.140000
107 215 5.555500
107 216 0.500000
108 217 1.100000
108 218 13.140000
109 219 5.555500
109 220 0.500000
110 221 1.100000
110 222 13.140000
111 223 5.555500
111 224 0.500000
112 225 1.100000
112 226 13.140000
113 227 5.555500
113 228 0.500000
114 229 1.100000
114 230 13.140000
115 231 5.555500
115 232 0.500000
116 233 1.100000
116 234 13.140000
117 235 5.555500
117 236 0.500000
118 237 1.100000
118 238 13.140000
119 239 5.555500
119 240 0.500000
120 241 1.100000
120 242 13.140000
121 243 5.555500
121 244 0.500000
122 245 1.100000
122 246 13.140000
123 247 5.555500
123 248 0.500000
124 249 1.100000
124 250 13.140000
125 251 5.555500
125 252 0.500000
126 253 1.100000
126 254 13.140000
127 255 5.555500
127 256 0.500000
128 257 1.100000
128 258 13.140000
129 259 5.555500
129 260 0.500000
130 261 1.100000
130 262 13.140000
131 263 5.555500
131 264 0.500000
132 265 1.100000
132 266 13.140000
133 267 5.555500
133 268 0.500000
134 269 1.100000
134 270 13.140000
135 271 5.555500
135 272 0.500000
136 273 1.100000
136 274 13.140000
137 275 5.555500
137 276 0.500000
138 277 1.100000
138 278 13.140000
139 279 5.555500
139 280 0.500000
140 281 1.100000
140 282 13.140000
141 283 5.555500
141 284 0.500000
142 285 1.100000
142 286 13.140000
143 287 5.555500
143 288 0.500000
144 289 1.100000
144 290 13.140000
145 291 5.555500
145 292 0.500000
146 293 1.100000
146 294 13.140000
147 295 5.555500
147 296 0.500000
148 297 1.100000
148 298 13.140000
149 299 5.555500
149 300 0.500000
150 301 1.100000
150 302 13.140000
151 303 5.555500
151 304 0.500000
152 305 1.100000
152 306 13.140000
153 307 5.555500
153 308 0.500000
154 309 1.100000
154 310 13.140000
155 311 5.555500
155 312 0.500000
156 313 1.100000
156 314 13.140000
157 315 5.555500
157 316 0.500000
158 317 1.100000
158 318 13.140000
159 319 5.555500
159 320 0.500000
160 321 1.100000
160 322 13.140000
161 323 5.555500
161 324 0.500000
162 325 1.100000
162 326 13.140000
163 327 5.555500
163 328 0.500000
164 329 1.100000
164 330 13.140000
165 331 5.555500
165 332 0.500000
166 333 1.100000
166 334 13.140000
167 335 5.555500
167 336 0.500000
168 337 1.100000
168 338 13.140000
169 339 5.555500
169 340 0.500000
170 341 1.100000
170 342 13.140000
171 343 5.555500
171 344 0.500000
172 345 1.100000
172 346 13.140000
173 347 5.555500
173 348 0.500000
174 349 1.100000
174 350 13.140000
175 351 5.555500
175 352 0.500000
176 353 1.100000
176 354 13.140000
177 355 5.555500
177 356 0.500000
178 357 1.100000
178 358 13.140000
179 359 5.555500
179 360 0.500000
180 361 1.100000
180 362 13.140000
181 363 5.555500
181 364 0.500000
182 365 1.100000
182 366 13.140000
183 367 5.555500
183 368 0.500000
184 369 1.100000
184 370 13.140000
185 371 5.555500
185 372 0.500000
186 373 1.100000
186 374 13.140000
187 375 5.555500
187 376 0.500000
188 377 1.100000
188 378 13.140000
189 379 5.555500
189 380 0.500000
190 381 1.100000
190 382 13.140000
191 383 5.555500
191 384 0.500000
192 385 1.100000
192 386 13.140000
193 387 5.555500
193 388 0.500000
194 389 1.100000
194 390 13.140000
195 391 5.555500
195 392 0.500000
196 393 1.100000
196 394 13.140000
197 395 5.555500
197 396 0.500000
198 397 1.100000
198 398 13.140000
199 399 5.555500
199 400 0.500000
200 401 1.100000
200 402 13.140000
201 403 5.555500
201 404 0.500000
202 405 1.100000
202 406 13.140000
203 407 5.555500
203 408 0.500000
204 409 1.100000
204 410 13.140000
205 411 5.555500
205 412 0.500000
206 413 1.100000
206 414 13.140000
207 415 5.555500
207 416 0.500000
208 417 1.100000
208 418 13.140000
209 419 5.555500
209 420 0.500000
210 421 1.100000
210 422 13.140000
211 423 5.555500
211 424 0.500000
212 425 1.100000
212 426 13.140000
213 427 5.555500
213 428 0.500000
214 429 1.100000
214 430 13.140000
215 431 5.555500
215 432 0.500000
216 433 1.100000
216 434 13.140000
217 435 5.555500
217 436 0.500000
218 437 1.100000
218 438 13.140000
219 439 5.555500
219 440 0.500000
220 441 1.100000
220 442 13.140000
221 443 5.555500
221 444 0.500000
222 445 1.100000
222 446 13.140000
223 447 5.555500
223 448 0.500000
224 449 1.100000
224 450 13.140000
225 451 5.555500
225 452 0.500000
226 453 1.100000
226 454 13.140000
227 455 5.555500
227 456 0.500000
228 457 1.100000
228 458 13.140000
229 459 5.555500
229 460 0.500000
230 461 1.100000
230 462 13.140000
231 463 5.555500
231 464 0.500000
232 465 1.100000
232 466 13.140000
233 467 5.555500
233 468 0.500000
234 469 1.100000
234 470 13.140000
235 471 5.555500
235 472 0.500000
236 473 1.100000
236 474 13.140000
237 475 5.555500
237 476 0.500000
238 477 1.100000
238 478 13.140000
239 479 5.555500
239 480 0.500000
240 481 1.100000
240 482 13.140000
241 483 5.555500
241 484 0.500000
242 485 1.100000
242 486 13.140000
243 487 5.555500
243 488 0.500000
244 489 1.100000
244 490 13.140000
245 491 5.555500
245 492 0.500000
246 493 1.100000
246 494 13.140000
247 495 5.555500
247 496 0.500000
248 497 1.100000
248 498 13.140000
249 499 5.555500
249 500 0.500000
250 501 1.100000
250 502 13.140000
251 503 5.555500
251 504 0.500000
252 505 1.100000
252 506 13.140000
253 507 5.555500
253 508 0.500000
254 509 1.100000
254 510 13.140000
255 511 5.555500
255 512 0.500000
256 513 1.100000
256 514 13.140000
257 515 5.555500
257 516 0.500000
258 517 1.100000
258 518 13.140000
259 519 5.555500
259 520 0.500000
260 521 1.100000
260 522 13.140000
261 523 5.555500
261 524 0.500000
262 525 1.100000
262 526 13.140000
263 527 5.555500
263 528 0.500000
264 529 1.100000
264 530 13.140000
265 531 5.555500
265 532 0.500000
266 533 1.100000
266 534 13.140000
267 535 5.555500
267 536 0.500000
268 537 1.100000
268 538 13.140000
269 539 5.555500
269 540 0.500000
270 541 1.100000
270 542 13.140000
271 543 5.555500
271 544 0.500000
272 545 1.100000
272 546 13.140000
273 547 5.555500
273 548 0.500000
274 549 1.100000
274 550 13.140000
275 551 5.555500
275 552 0.500000
276 553 1.100000
276 554 13.140000
277 555 5.555500
277 556 0.500000
278 557 1.100000
278 558 13.140000
279 559 5.555500
279 560 0.500000
280 561 1.100000
280 562 13.140000
281 563 5.555500
281 564 0.500000
282 565 1.100000
282 566 13.140000
283 567 5.555500
283 568 0.500000
284 569 1.100000
284 570 13.140000
285 571 5.555500
285 572 0.500000
286 573 1.100000
286 574 13.140000
287 575 5.555500
287 576 0.500000
288 577 1.100000
288 578 13.140000
